A= [1 4 7 10; 2 5 8 11; 3 6 9 12;];
B= [4 5 6; 3 2 1; 1 1 1;];
c= [1; 3; 5;];
d= [0 2 4];


A(:,3) = c;
B(2,:) = d;