b1 = [4; 3; 1;];
b2 = [5; 2; 1;];
b3 = [6; 1; 1;];


B= [b1; b2; b3;]