A= [10 7 8 7; 7 5 6 5; 8 6 10 9; 7 5 9 10;];


subA = A([1 2], [1, 2])