A= [1 5 9;
2 6 10;
3 7 11;
4 8 12;];

B= [4 5 6;
3 2 1;
1 1 1;];

x=[1;
1;
1;];

a=[-1; 0; 1;];


A*x

B*x

A*B

a.*x

x.*a

a.*B

