A = [10 7 8 7; 7 5 6 5; 8 6 10 9; 7 5 9 10];

A11 = A([1,2], [1,2]);
A12 = A([1,2], [3,4]);

A21 = A([3,4], [1,2]);
A22 = A([3,4], [3,4]);

B = [A11 A12; A21 A22];